55
11
166
172
6
178
3
87
190
199
138
75
141
49
19
50
23
22
146
199
88
59
126
26
193
83
126
100
163
198
20
6
164
152
94
129
27
54
126
140
14
26
68
29
188
16
82
188
88
9
144
30
115
133
57
44
170
170
89
78
195
169
43
38
122
93
178
195
35
87
100
146
57
101
60
43
155
13
59
75
61
147
69
8
141
68
60
130
44
55
176
178
176
140
3
173
30
180
183
113
78
182
191
58
11
31
1
197
170
91
104
88
111
151
84
51
85
127
1
159
101
135
68
41
83
168
6
163
185
146
103
18
182
133
36
190
21
120
131
64
55
111
123
153
53
176
106
132
34
192
82
103
27
154
94
161
73
186
128
86
132
141
56
38
167
91
149
102
112
107
53
11
180
46
26
191
101
20
62
89
32
109
101
48
193
20
158
108
65
117
114
200
195
35
172
73
184
42
153
42