1904
1137
1624
1462
1854
1270
131
1326
814
1396
763
153
1567
511
1907
1935
495
129
1651
429
1325
261
441
1081
363
1766
1051
1752
89
713
555
242
1704
631
116
771
815
923
917
273
463
239
32
469
706
387
334
838
1196
1125
467
934
1491
584
1058
829
433
1508
587
936
1282
1185
573
1357
404
1535
1542
427
78
446
1611
1708
1392
1732
207
212
1815
153
851
751
65
81
1264
799
1665
888
1877
542
17
1277
632
97
1167
1837
35
714
1787
268
1346
318
1926
1662
1421
229
1924
865
50
1411
1280
1527
1974
642
272
617
58
1375
646
493
1496
398
924
1252
680
161
1137
800
1358
1249
356
1227
37
1463
882
1262
1340
1766
1688
25
705
1241
167
334
861
391
1145
896
1148
1495
1228
420
156
31
957
578
140
98
1961
235
19
1699
1667
1579
1036
1324
569
768
1183
552
1266
43
979
1908
799
1138
1486
756
387
996
414
1395
1539
1231
930
1040
1229
803
1537
536
564
1906
825
519
1013
1363
1203
507
1722
1152
1404
1735
509
1895
1513
911
652
539
67
1999
461
495
574
952
777
1578
609
500
685
688
1532
393
751
1631
1080
634
1939
1822
1509
1348
489
1551
1588
1580
661
70
1906
1283
1390
828
771
1843
509
519
43
411
1618
1351
1014
1707
1291
997
687
821
295
396
1357
1694
465
1971
1748
177
542
971
1507
1800
44
892
262
1111
743
1598
1973
1463
1878
613
1261
1052
1192
1413
371
1280
1591
1733
1122
1117
406
652
335
1469
1517
612
1444
1285
1513
1255
1650
1183
1101
227
1512
1936
792
46
1191
708
1408
922
538
826
837
1929
381
1842
1491
580
1485
1054
878
1877
555
1133
1859
1784
881
1441
588
1498
518
1189
1480
508
770
1456
994
474
1163
795
1696
539
1594
1547
1468
1691
798
1788
1615
1938
1307
354
1200
1411
1562
472
1078
1960
551
406
1663
344
724
357
1245
1280
507
1291
1429
1534
151
27
484
260
387
1494
325
1261
1665
282
1290
1479
595
1140
830
1867
505
715
1241
881
206
278
1153
1356
827
1004
1489
78
778
1889
1810
837
1661
642
970
1304
1214
1057
1437
1241
1886
1475
1919
1877
853
1868
1319
1127
1114
1889
1731
1152
1128
187
703
836
2000
1491
1633
500
1542
495
1859
1217
1966
887
1298
1636
266
924
446
410
1246
500
1471
903
1320
297
1839
1758
803
71
1245
498
1457
1968
864
1690
1740
1233
1921
1556
1679
412
1444
497
444
1157
349
169
109
1419
171
1180
1453
1027
1727
1166
1755
1041
1093
888
1417
1643
344
217
1122
907
1939
1395
494
67
583
774
1911
1683
1967
266
89
808
1452
526
575
1148
472
148
2000
1612
93
237
433
892
831
29
1469
77
1798
155
792
1083
1364
921
42
369
246
1326
1340
569
1837
1361
348
623
908
1172
893
1905
1993
479
879
796
1725
81
419
1121
1705
1276
894
1566
1952
697
1142
1952
422
932
1577
1573
404
1391
1911
1351
1170
1327
53
147
1077
1977
1530
1604
375
1021
1439
210
745
1485
972
1938
1030
327
801
646
536
847
784
1570
1856
1714
1177
842
10
1896
1230
554
609
1432
519
164
1945
1434
566
1084
267
523
874
1187
1253
928
1394
435
992
1273
1566
182
275
428
1033
118
1686
1077
1293
1748
310
430
1752
1909
1737
1303
1288
343
672
1152
567
1269
1994
426
632
1753
1992
1292
1242
1089
1183
1854
1634
769
858
1928
654
725
840
94
533
218
960
793
847
1175
1410
90
179
903
1565
328
1042
1727
1203
1836
1370
1009
1874
1250
37
1035
683
184
1077
1791
662
1973
1067
378
1362
1413
1485
1600
1760
189
1315
1727
1548
1636
490
1199
1309
504
1453
1791
320
1338
1317
1906
520
756
1458
536
998
276
1776
1594
188
1173
543
1318
619
161
1436
1083
1833
716
940
1171
877
1809
999
580
242
600
59
991
973
1733
918
117
719
1810
1007
397
887
388
416
1181
1356
1964
1252
1059
528
870
1198
381
443
351
964
131
1173
648
1337
1549
1018
490
1755
1153
211
126
1440
248
1160
1189
1703
591
227
387
1195
250
1896
748
67
410
743
1975
385
1522
928
1358
1287
1340
614
90
119
208
1210
946
313
579
1625
1361
1493
1261
870
1462
607
728
1518
957
608
954
1902
1209
1487
1194
39
1681
586
703
1027
514
826
283
844
1307
866
1297
1406
1569
841
330
90
889
962
1087
1993
1921
714
684
1447
1890
202
327
1115
803
1759
141
352
72
645
1769
600
166
1227
1191
800
187
303
1151
508
345
1403
1057
1457
1265
1033
1201
604
1852
1609
377
128
379
289
1316
1662
1718
1416
1039
1142
623
651
1623
922
1629
220
1038
49
363
1423
960
699
1930
1237
1145
986
1354
813
515
605
1163
73
1036
1856
863
310
704
477
1587
367
24
814
1330
743
1668
45
275
1716
1135
1960
1331
853
1246
1602
1473
1588
1283
1067
1654
588
612
619
1635
726
1278
1091
435
1727
1667
1604
1247
832
1449
890
122
1661
927
1764
363
679
823
1981
263
1861
1396
1412
1187
1018
602
150
1429
935
1540
918
1410
999
1326
1606
1533
1668
1881
494
1203
693
1958
1764
294
518
947
1700
941
817
1414
765
178
1916
523
880
225
1406
426
256
1633
210
1618
432
1319
840
553
1290
1901
646
849
1545
1833
1334
1320
408
1433
519
1024
696
171
1093
1480
1167
1752
532
1564
687
790
1837
876
1636
431
1457
1812
449
380
772
597
1984
1000
118
1585
434
1617
1735
1916
971
1663
1933
1529
621
1543
1690
357
42
1419
54
1938
1113
218
805
954
1392
1154
791
544
1945
1805
1246
1999
203
939
936
1111
270
399
1977
897
185
417
1223
1268
241
1289
1324
632
506
718
673
1187
1628
38
1156
1609
1379
1165
1246
1819
1970
32
508
932
1184
560
294
1480
708
1574
739
1156
1693
1743
190
1789
548
40
1665
72
1147
1173
119
363
529
726
1363
1162
1855
1743
420
673
1258
185
778
1358
1941
529
521
1917
1740
166
1612
970
1525
53
766
1653
1045
1177
113
1670
905
522
1761
1549
1243
485
728
1219
45
11
807
1292
1257
924
673
474
868
1054
593
214
1473
796
87
1852
50
999
999
1395
742
688
1730
496
86
1067
673
668
196
1025
1771
1087
678
1847
865
1316
1526
212
1102
1436
1986
1293
974
55
520
473
691
1337
897
1648
1802
852
415
1506
1864
392
1496
115
625
660
739
138
1096
1558
1778
1733
481
1749
276
1674
530
719
318
945
1512
1019
373
925
1042
1484
1036
1561
1763
1812
1632
1224
38
1405
248
1011
747
685
1554
1622
1162
242
1500
387
872
1632
1691
741
600
223
483
1404
1076
252
1994
67
760
1484
1817
985
348
1588
1781
1507
483
522
1247
1233
89
914
1153
427
1513
971
989
1642
1974
1844
1280
645
1386
1365
107
1468
1551
473
818
1223
184
1098
802
1925
1918
121
1177
1701
346
1505
664
543
1324
982
770
591
1289
722
1289
396
203
1626
293
154
1384
1849
1807
1085
1341
629
1591
236
339
1934
1412
1464
437
260
69
1586
517
1083
1672
526
1777
1918
304
1433
14
450
1025
72
1251
1636
222
1622
1709
678
600
150
350
1802
1370
646
1376
293
1797
79
1453
968
863
1667
1974
190
1063
902
1734
319
1938
565
1048
1584
1215
1933
770
980
422
337
97
1049
940
344
1094
500
788
513
1987
130
1598
239
1262
568
1752
344
268
1267
1106
1373
91
586
376
1224
1491
113
1518
1783
140
1703
129
1682
1716
221
1538
1547
229
1438
505
1184
44
1034
1164
1734
1243
612
539
1126
387
285
826
1472
636
1149
1284
56
1402
338
1426
612
1600
1592
415
136
1361
363
880
1011
680
502
1939
946
173
260
1333
1374
1404
1413
671
1500
163
986
1690
1014
1069
1261
1841
758
1063
1308
1133
1369
422
1789
1510
637
1606
1502
65
837
1990
1718
1886
1807
1688
1385
717
715
1910
577
775
867
806
822
1682
520
497
1491
1984
954
440
109
487
130
941
1414
1710
1470
1020
1101
1842
1386
567
475
1732
1369
688
600
837
441
1168
777
1654
453
1092
1202
1579
118
1505
120
434
1164
121
511
726
1253
1843
1561
38
1357
254
797
710
1084
250
560
856
1316
1190
1341
1875
843
1138
1170
1412
1030
1479
986
969
1569
678
557
664
1340
197
1054
845
1339
746
1192
1749
702
1672
1704
905
1079
1875
1291
205
290
1152
483
1461
1138
1429
644
1737
1655
510
1006
898
1785
475
1534
1447
476
998
1541
844
785
1268
82
1569
1698
1793
341
1958
646
1691
137
1921
1331
1045
154
833
1674
631
1917
1225
1343
635
1386
1973
634
967
585
1757
1160
1941
715
1752
290
1903
246
803
130
147
521
275
629
729
381
927
1389
1892
1824
581
526
376
361
99
892
355
1812
1092
405
1324
575
1381
655
326
890
1939
981
254
283
431
257
502
909
228
953
1084
845
377
350
1840
922
1101
102
1088
1996
218
845
354
1976
584
1165
1277
1981
328
1216
1704
356
1216
1883
766
1843
108
707
512
1664
1233
1597
615
272
763
1122
1857
246
439
257
113
1470
1959
48
1458
1787
1241
1773
1108
1958
1355
712
809
970
678
1829
1594
1712
1436
1918
24
56
1367
1062
1164
909
1137
654
1332
413
570
382
915
227
1839
1336
1363
745
1073
274
280
106
1534
1855
439
25
154
600
19
1751
484
365
1336
579
879
1957
460
198
438
1677
547
356
659
68
1256
435
863
1053
892
536
374
160
1769
446
1824
94
524
294
190
1598
1346
223
70
1284
454
1065
663
867
1818
1932
1761
586
745
973
1049
936
974
473
1790
1307
1860
296
544
1923
1287
1205
1823
1405
1778
179
1178
378
1439
326
764
917
1100
1160
961
215
413
1854
914
1407
1245
1308
1636
952
1236
1224
737
863
51
1333
1673
1068
59
1500
948
205
641
718
907
1319
1155
113
602
944
825
434
1536
1690
861
1102
807
1691
687
497
1274
755
1968
1497
280
48
1211
1623
1867
1717
1142
1800
246
988
942
1399
885
81
1453
1440
1727
292
1226
858
1013
480
1367
1005
1686
466
1780
212
1167
554
1340
1498
1736
55
387
458
1985
1043
1406
860
1248
187
207
545
1232
1306
1797
1256
1342
738
1328
862
1281
1919
1187
993
1949
5
1876
1125
1055
456
862
316
711
490
1920
1971
731
115
76
1848
39
1026
934
1747
1182
995
1148
1417
26
1893
703
169
740
397
1047
852
201
834
1608
351
1857
781
449
1754
1088
72
1373
1833
1320
560
321
1825
555
1180
1844
664
1966
216
392
104
832
1702
1235
736
1835
1269
1477
847
143
245
229
1273
931
54
256
719
721
160
886
1052
155
1002
83
953